0.02620448741
0.01370800801
0.009526026918
0.007424122342
0.006155200416
0.005303429695
0.004690507522
0.004227220724
0.003863962228
0.003570935383
0.003329154418
0.002952513209
0.0026715027
0.002452886736
0.00227733785
0.002069647647
0.001907914951
0.001777821102
0.001638740672
0.001502929346
0.001395923586
0.001293499706
0.001198756212
0.001122595918
0.001043722124
0.0009737241453
0.0009066852042
0.000848600026
0.0007946871026
0.0007455233954
0.0007011647488
0.0006579920276
0.0006202902365
0.0005850359996
0.0005527624085
0.0005229067934
0.0004952307115
0.0004705560342
0.0004476019027
0.0004267535959
0.0004078883569
0.0003909048525
0.000375563737
0.0003617440755
0.0003493812048
0.0003384306739
0.000328849133
0.000320509005
0.000313410026
0.0003074776786
0.0003026365115
0.0002988889336
0.0002961937289
0.0002945227631
0.0002938723721
0.0002942343878
0.0002956122585
0.0002980152049
0.0003014580668
0.0003059791181
0.0003115957392
0.0003183604645
0.0003263197903
0.0003355266837
0.0003460442409
0.0003579486872
0.0003713031686
0.00038620611
0.0004027417613
0.0004210155385
0.0004411332952
0.0004632272065
0.0004874208949
0.0005138634805
0.0005427137942
0.0005741559464
0.0006083843198
0.000645614065
0.0006860993021
0.0007301139071
0.0007779625451
0.0008299982777
0.0008866136596
0.0009482619097
0.001015453368
0.001088769084
0.001168879973
0.001256550172
0.001352665987
0.00145823659
0.001574436078
0.001702611901
