114.7121954
77.50379845
62.28911925
53.52280537
47.65470835
43.37725293
40.08244189
37.44443823
35.27092436
33.44013488
31.87073947
29.30530312
27.28157754
25.63282459
24.25627648
22.56077905
21.1853914
20.04102392
18.77735788
17.50063481
16.46324993
15.44312974
14.47505764
13.67943046
12.83884802
12.07863953
11.33808904
10.68670892
10.07420801
9.509225197
8.994390324
8.488907832
8.0441004
7.625470662
7.240065604
6.881767547
6.54813992
6.249464416
5.970489645
5.716012146
5.484606657
5.27504135
5.084308971
4.91078311
4.753481924
4.611644862
4.48451386
4.370166678
4.268361917
4.177826902
4.097131387
4.026044377
3.963602885
3.908873378
3.86143164
3.820693391
3.786036163
3.757074904
3.733424927
3.714700214
3.700715383
3.691235148
3.686136365
3.685348789
3.688859969
3.696724404
3.709042963
3.725999835
3.747821319
3.774810476
3.807321845
3.845801179
3.890726622
3.942663655
4.002235127
4.070148459
4.147159
4.234083277
4.331833738
4.441363811
4.563679034
4.699866592
4.851055116
5.01844933
5.203296875
5.406896974
5.630621873
5.875889981
6.144205076
6.43711071
6.756253143
7.103342627
