96.80819433
69.81827151
57.60851661
50.16016759
44.62207632
40.88634985
37.82256455
35.47217215
33.52845822
31.77785983
30.42235793
28.01959223
26.09200525
24.56547056
23.33454335
21.70254766
20.43075352
19.37410788
18.18298742
17.01679968
16.06666899
15.12817286
14.24281482
13.51722961
12.73756909
12.02525883
11.33281412
10.71843488
10.13790966
9.602124308
9.109714169
8.621977588
8.184607926
7.75892452
7.357014801
6.987739855
6.638683108
6.322670255
6.032835254
5.785790217
5.561308617
5.35618883
5.170472612
5.001751604
4.842443426
4.700217301
4.572156154
4.463721068
4.366256962
4.28294692
4.208764167
4.159313653
4.119604658
4.105741458
4.119013273
4.162648644
4.216509841
4.281659822
4.336513264
4.389085252
4.42516756
4.43621786
4.431563012
4.423975483
4.428956412
4.4464561
4.477046077
4.512577034
4.547756265
4.563277279
4.544320408
4.507740019
4.465802507
4.394932102
4.305633106
4.252926159
4.284457184
4.367608695
4.467780607
4.663582904
4.810582211
4.908658699
5.011165091
5.076148627
5.067880827
5.041008021
4.96773244
4.754290785
4.390149743
3.924763293
3.545887075
3.470401293
