0.005000459824
0.01000091965
0.01500137947
0.0200018393
0.02500229912
0.03000275894
0.03500321877
0.04000367859
0.04500413841
0.05000459824
0.05500505806
0.06500597771
0.07500689736
0.085007817
0.09500873665
0.1100101161
0.1250114956
0.1400128751
0.1600147144
0.1850170135
0.2100193126
0.2400220715
0.2750252903
0.3100285091
0.3550326475
0.4050372457
0.4650427636
0.5300487413
0.6050556387
0.6900634557
0.7850721923
0.9000827683
1.025094264
1.170107599
1.335122773
1.525140246
1.745160479
1.99018301
2.27520922
2.600239108
2.970273135
3.390311761
3.870355904
4.420406484
5.050464422
5.770530637
6.590606048
7.530692495
8.600790897
9.820903094
11.22103184
12.81617853
14.6363459
16.72153765
19.10175653
21.81700621
24.92229176
28.46761778
32.51298977
37.14341557
42.42390115
48.45945615
55.35509025
63.23081447
72.22664169
82.50758709
94.2436663
107.6548995
122.971308
140.4679169
160.4497544
183.2818539
209.3592519
239.1469911
273.1701197
312.0386939
356.4377767
407.1474398
465.0777668
531.2538521
606.8408028
693.1837426
791.8078117
904.4681715
1033.160006
1180.158523
1348.073964
1539.876601
1758.976749
2009.244763
2295.126051
2621.68108
