76.13282571
58.13040261
48.9277263
42.00399215
36.58875546
32.74321001
30.1390016
28.14763958
26.5720528
25.43662708
24.35402942
22.20010164
20.71916695
19.55759238
18.49056944
17.02071093
16.12698511
15.12141245
14.18453433
13.18753355
12.38305068
11.643587
10.86990247
10.22708554
9.527872408
8.902775126
8.302017905
7.786976198
7.291106444
6.828494044
6.425894555
6.020033677
5.649148213
5.293099788
4.96318512
4.645048583
4.343232883
4.079886087
3.832004578
3.597651343
3.385930794
3.203538343
3.040999229
2.894727069
2.759718758
2.626522406
2.496575794
2.365681234
2.249104947
2.143820646
2.04748271
1.967280366
1.89784976
1.836520996
1.780507819
1.741717103
1.716415106
1.699310356
1.681489036
1.672655272
1.674899849
1.676892378
1.689283346
1.722797686
1.776346258
1.846410515
1.928155118
2.017624701
2.118627013
2.22528385
2.344905324
2.492027047
2.669066707
2.868597118
3.097664356
3.363008359
3.674376405
4.033386201
4.438932977
4.899300218
5.409268836
5.960104746
6.549610601
7.16783819
7.792724091
8.394125747
8.951076892
9.395712782
9.695129265
9.936247508
10.39593912
10.81788301
