0.04113770525
0.02082800891
0.01405636841
0.01066928899
0.008636069557
0.007279808103
0.006310402469
0.00558280052
0.005016416867
0.004562899548
0.004191478518
0.003619181285
0.003198529339
0.002876049444
0.002620779596
0.002323864675
0.002097191222
0.001918247869
0.001730789738
0.001552121138
0.001414804202
0.001286554955
0.001170975786
0.00108037581
0.0009888772483
0.000909782969
0.0008359915338
0.0007736741978
0.000717225714
0.0006669507581
0.0006225931355
0.0005803494377
0.0005442148286
0.0005110662422
0.000481261778
0.0004541471825
0.0004293971877
0.0004076340765
0.0003876317055
0.0003696506562
0.0003535115221
0.0003390629087
0.0003260448447
0.0003143045884
0.0003037410815
0.0002942739948
0.0002858280554
0.000278255333
0.0002715231765
0.0002655336443
0.0002601807358
0.0002554397407
0.000251238954
0.0002475092167
0.0002442164566
0.0002413164677
0.0002387621013
0.0002365230208
0.000234568952
0.0002328680583
0.0002314049741
0.0002301585922
0.0002291172452
0.0002282739103
0.0002276268567
0.00022718091
0.0002269493605
0.000226954081
0.000227228725
0.0002278208724
0.0002287950708
0.0002302378887
0.0002322607299
0.0002350070856
0.0002386574084
0.0002434370242
0.0002496199661
0.000257534575
0.0002675706875
0.00028017661
0.0002958589503
0.0003151846103
0.0003387739657
0.0003673057784
0.0004015155511
0.0004422041677
0.0004902548427
0.0005466447317
0.0006124740907
0.0006889787091
0.0007775707549
0.0008798566279
