83.49709076
59.04159409
48.20754628
41.74922945
37.34189574
34.08856345
31.56009516
29.52197167
27.8337775
26.40562678
25.17695667
23.15976465
21.56088082
20.25321824
19.15791048
17.80423712
16.7022358
15.78249419
14.76363353
13.73044786
12.8877946
12.05603046
11.26340226
10.60917935
9.91479713
9.283487924
8.664887763
8.117247627
7.598680966
7.116618363
6.673602613
6.23445136
5.843880643
5.472028709
5.125283715
4.798362561
4.489189374
4.207725674
3.940041439
3.691054333
3.459913013
3.246009126
3.046917786
2.86158565
2.689673854
2.53115827
2.386100501
2.253268957
2.133404724
2.026091261
1.930741028
1.84820662
1.778467422
1.721545929
1.677969956
1.64797868
1.63170327
1.629312906
1.640801618
1.6661462
1.705089416
1.757468646
1.823015905
1.901462578
1.992610201
2.096386566
2.21263491
2.341545453
2.483228201
2.6380173
2.806286857
2.988659346
3.185704463
3.398210527
3.627041166
3.87324615
4.137928229
4.422312628
4.727868429
5.056142964
5.408828177
5.787868574
6.195370264
6.633727096
7.105563228
7.613795822
8.161729068
8.753033022
9.391891872
10.08295534
10.83155965
11.64371872
