94.41666224
69.42203964
57.88224181
50.57350011
44.88021422
40.92941084
37.88178475
35.62494385
33.80030925
32.18144838
30.93825592
28.52566829
26.4637198
24.79671317
23.43182656
21.56170212
20.1031508
19.00055319
17.72049068
16.51506612
15.51466868
14.54193898
13.55576298
12.75067994
11.92792233
11.18714933
10.43192331
9.778172238
9.169754884
8.599555519
8.082464476
7.547985051
7.07691971
6.622055285
6.20695114
5.812892244
5.443505753
5.111709005
4.797608637
4.510915427
4.252253628
4.020996245
3.798950175
3.592481965
3.399895605
3.22910004
3.078377957
2.950743667
2.8312774
2.723939575
2.628436433
2.55406241
2.493520318
2.459610016
2.452244931
2.479260241
2.53676547
2.614660097
2.721676997
2.869393168
3.060758814
3.299054734
3.593294298
3.941622982
4.338294191
4.792313616
5.312987387
5.907959969
6.589307185
7.371466365
8.260837291
9.264694173
10.39797863
11.67752756
13.12376758
14.76079762
16.61265835
18.70380363
21.05960288
23.71099321
26.69356248
30.04667071
33.81579022
38.03613985
42.72786272
47.95276398
53.78893028
60.14320479
66.54428959
71.79395799
75.66297186
78.98090593
