0.03181338855
0.01639604224
0.01124762023
0.008667003586
0.007113908964
0.006074867505
0.005329791712
0.004768616137
0.004330176922
0.003977763128
0.003688003361
0.003238880984
0.002906005737
0.002648656357
0.002443215062
0.00220178183
0.002015171085
0.001866071792
0.001707772643
0.001554394538
0.001434448813
0.001320425451
0.001215660446
0.001131943402
0.001045706089
0.000969550415
0.0008969186383
0.0008341952971
0.0007761113388
0.0007232141725
0.0006754999935
0.0006290214739
0.0005883481286
0.0005501879714
0.0005150878139
0.0004824129729
0.0004518795439
0.0004243890673
0.0003985118568
0.0003746725097
0.0003527357803
0.0003325943823
0.0003139749383
0.000296736965
0.0002808064162
0.0002661362576
0.0002526846415
0.0002402860555
0.0002289541199
0.0002185901562
0.0002090696809
0.0002004044387
0.0001925171537
0.0001853254777
0.0001788067225
0.000172912822
0.0001675819155
0.0001627793703
0.0001584641435
0.0001545838347
0.0001511155731
0.0001480153956
0.0001452524774
0.0001427974242
0.0001406221683
0.0001387006074
0.0001370124809
0.0001355363628
0.0001342566934
0.0001331598128
0.0001322362156
0.0001314796457
0.0001308891797
0.0001304686228
0.0001302281025
0.0001301851435
0.0001303663786
0.0001308093262
0.0001315650564
0.0001327007987
0.0001343030412
0.000136481412
0.0001393717273
0.0001431398365
0.0001479836347
0.0001541346446
0.0001618589697
0.0001714556563
0.0001832567184
0.0001976241575
0.0002149529714
0.000235671852
