0.008793814763
0.009880063399
0.009153556035
0.008822434655
0.007869419736
0.006507405317
0.004780921368
0.003661143426
0.003229547128
0.003132293015
0.002885556249
0.002995147577
0.003116073685
0.00240003568
0.001908078372
0.001818853619
0.002106306278
0.001631691267
0.0015284176
0.001476470005
0.001274439655
0.001212898402
0.001262885134
0.001044881108
0.0009852549658
0.0009092876529
0.0008940147606
0.0008547246847
0.0007661911162
0.0007327459847
0.0007069453191
0.000652911834
0.0006383169049
0.0006008683194
0.0005694020342
0.0005479744105
0.0005140858172
0.0004936594023
0.0004771072932
0.0004529882888
0.0004369286895
0.0004195131897
0.000404773057
0.0003902003727
0.0003757284756
0.0003636386928
0.0003520078973
0.0003403103983
0.0003291944673
0.0003198986498
0.0003113740401
0.0003032425036
0.0002964226153
0.0002905013015
0.0002868307067
0.0002849504356
0.0002857455648
0.0002876274461
0.0002910894724
0.0002962591227
0.000301744687
0.000306798653
0.0003130777379
0.0003208275694
0.0003287783319
0.0003362957042
0.0003458918491
0.0003575738113
0.0003722844576
0.0003907217676
0.0004133154069
0.0004383840869
0.0004662747927
0.0004978864171
0.0005327237098
0.0005701661051
0.0006099140953
0.0006520642987
0.0006982690447
0.0007499966751
0.0008101631678
0.0008787974152
0.000957017479
0.001044625294
0.001140214365
0.00124360015
0.001357756488
0.001466968958
0.001544025642
0.001554751412
0.001428027577
0.001111273719
